²111. INDEX VEBBORUM ΕΤ LOOUTIONUM. 195

quod) 150,12 prima 111 qua·
vreuofflffin? ?o{.2n‡{8,i{2u8i·
tatae: 11111111 111111 111111 11,
16 -tinguit 19, 5 1111113111
23, 7 depmguat 26,12 - in·
111111 17,19 11111111 27, 8. 152,
31111((111111111111)66,18-
1111111111 40, 23 1111111 (-- fue·
11111) 11, 12 - 111111115211.
15. 81, 21 vellis 1111115116
1111111142, 5 - agebuntur 51,
15 interrogam audibo agebo
58, 23 - 1111111 52, 8
1111111 55, 4 - 11111111 54, 9
11111111 59, 28 adivi 60, 13
praeterivit 153,19 eam (f 111.)
60, 16 saciatur 80, 29 111111
1111111188, 3 1111111111111111-
111105, 4 reddita 1111111121,
2 repperieris 110, 23. 142, 7
(11111111111117, 7. 16. 143, 22
1111111111 132, 31 1111111111
11113

1111111111 117. 24
11111111. q. proprium 11, 5
1111111111 155, 25 11.

11185

vesper, vespere, vesperum,
vespera 112, 12

1111111111 48, 2

vice astantem - vicem agere
91, 24

111111, qui pene 1111111111111-
bra suo vigore 1111111116,15

1111111, 136, 28

victorio 140, 29

vidare 4118. 42, 6. 51,16. 18.
52, 15. 58, 24. 63, 13
11111111 136, 38

1111118123

11111111 37, 18
111111111111111) 37, 17
1111111111 159, 12

vitio 11125, 21

111111, 137, 4

vocales -= 1111111111 68, 10. 75,4
1111111111 160, 9
voluntativae 141, 2

1111111111 163, 17

11191111 opiniones 39, 6

11111. q. gaza 80, 17
111111 (1) 53, 20

 

